DocID	FieldID
1	23
2	23
3	6
4	15
5	15
6	4
7	0
8	2
9	27
10	18
11	17
12	27
13	22
14	0
15	27
16	3
17	12
18	15
19	29
20	13
21	11
22	24
23	5
24	23
25	26
26	15
27	15
28	21
29	4
30	13
31	14
32	14
33	15
34	4
35	25
36	14
37	21
38	15
39	26
40	26
41	20
42	6
43	16
44	15
45	4
46	13
47	8
48	24
49	27
50	18
51	8
52	4
53	18
54	7
55	29
56	29
57	0
58	4
59	15
60	20
61	23
62	27
63	15
64	29
65	14
66	29
67	21
68	11
69	14
70	16
71	20
72	7
73	2
74	0
75	20
76	14
77	27
78	28
79	20
80	14
81	15
82	29
83	15
84	12
85	9
86	14
87	23
88	8
89	16
90	15
91	13
92	12
93	27
94	27
95	15
96	27
97	29
98	11
99	5
100	26
101	13
102	20
103	9
104	0
105	27
106	15
107	16
108	6
109	29
110	15
111	20
112	10
113	6
114	22
115	2
116	18
117	8
118	15
119	18
120	14
121	24
122	12
123	1
124	16
125	2
126	29
127	26
128	29
129	3
130	8
131	12
132	16
133	19
134	1
135	18
136	27
137	2
138	16
139	4
140	18
141	16
142	15
143	9
144	0
145	21
146	27
147	11
148	18
149	2
150	29
151	18
152	23
153	15
154	26
155	14
156	29
157	0
158	15
159	19
160	19
161	6
162	27
163	20
164	28
165	12
166	22
167	11
168	16
169	8
170	29
171	0
172	15
173	2
174	13
175	20
176	29
177	14
178	6
179	20
180	29
181	28
182	8
183	29
184	15
185	28
186	18
187	9
188	19
189	26
190	11
191	29
192	18
193	15
194	27
195	10
196	23
197	26
198	11
199	9
200	29
201	14
202	18
203	23
204	11
205	5
206	9
207	16
208	20
209	15
210	20
211	26
212	24
213	27
214	10
215	9
216	28
217	27
218	27
219	27
220	15
221	29
222	23
223	9
224	13
225	1
226	11
227	20
228	20
229	4
230	12
231	25
232	9
233	19
234	15
235	15
236	16
237	9
238	14
239	14
240	8
241	18
242	28
243	15
244	12
245	29
246	29
247	15
248	26
249	3
250	18
251	24
252	2
253	1
254	19
255	20
256	8
257	12
258	6
259	18
260	18
261	8
262	27
263	8
264	22
265	18
266	20
267	28
268	27
269	12
270	26
271	4
272	27
273	10
274	21
275	5
276	18
277	16
278	26
279	15
280	23
281	13
282	8
283	14
284	29
285	15
286	1
287	14
288	6
289	18
290	15
291	14
292	11
293	29
294	16
295	2
296	13
297	16
298	26
299	29
300	13
301	14
302	8
303	27
304	2
305	29
306	12
307	5
308	15
309	28
310	14
311	7
312	1
313	29
314	20
315	22
316	18
317	11
318	14
319	14
320	27
321	27
322	5
323	16
324	9
325	15
326	28
327	4
328	4
329	20
330	29
331	11
332	6
333	1
334	26
335	11
336	8
337	0
338	17
339	4
340	15
341	27
342	1
343	26
344	16
345	12
346	19
347	23
348	19
349	14
350	9
351	29
352	21
353	11
354	27
355	16
356	22
357	18
358	0
359	16
360	24
361	21
362	29
363	8
364	12
365	1
366	21
367	27
368	13
369	28
370	23
371	29
372	23
373	22
374	20
375	18
376	15
377	29
378	0
379	21
380	27
381	15
382	10
383	27
384	13
385	8
386	15
387	6
388	15
389	7
390	19
391	18
392	24
393	23
394	5
395	14
396	26
397	4
398	5
399	11
400	27
401	0
402	23
403	4
404	5
405	4
406	23
407	26
408	21
409	1
410	11
411	22
412	6
413	27
414	27
415	8
416	26
417	0
418	26
419	11
420	20
421	29
422	1
423	0
424	13
425	14
426	16
427	13
428	18
429	10
430	1
431	2
432	6
433	6
434	24
435	28
436	9
437	12
438	29
439	29
440	3
441	12
442	27
443	15
444	6
445	0
446	21
447	3
448	14
449	14
450	24
451	19
452	21
453	13
454	0
455	16
456	4
457	27
458	12
459	1
460	20
461	15
462	27
463	13
464	21
465	23
466	20
467	14
468	29
469	8
470	15
471	5
472	1
473	11
474	14
475	11
476	0
477	15
478	22
479	16
480	0
481	16
482	18
483	19
484	16
485	16
486	0
487	4
488	21
489	12
490	27
491	1
492	10
493	5
494	27
495	3
496	29
497	2
498	22
499	14
500	13
501	27
502	0
503	19
504	15
505	20
506	29
507	16
508	23
509	14
510	27
511	22
512	27
513	1
514	8
515	15
516	13
517	21
518	27
519	20
520	14
521	11
522	20
523	18
524	8
525	1
526	4
527	4
528	1
529	10
530	29
531	20
532	22
533	18
534	16
535	26
536	15
537	27
538	27
539	9
540	13
541	22
542	1
543	29
544	23
545	12
546	4
547	27
548	12
549	15
550	4
551	21
552	29
553	21
554	23
555	29
556	11
557	14
558	21
559	20
560	9
561	17
562	26
563	15
564	23
565	6
566	27
567	15
568	14
569	2
570	14
571	1
572	20
573	15
574	5
575	21
576	0
577	20
578	23
579	29
580	6
581	13
582	16
583	16
584	15
585	26
586	7
587	14
588	15
589	12
590	27
591	23
592	27
593	9
594	9
595	16
596	18
597	20
598	18
599	22
600	3
601	15
602	11
603	16
604	15
605	28
606	27
607	29
608	0
609	29
610	29
611	11
612	6
613	15
614	4
615	29
616	16
617	12
618	10
619	27
620	27
621	28
622	29
623	18
624	11
625	6
626	29
627	8
628	21
629	29
630	15
631	2
632	18
633	15
634	21
635	18
636	6
637	14
638	3
639	18
640	29
641	22
642	14
643	18
644	29
645	29
646	3
647	18
648	9
649	1
650	9
651	2
652	1
653	13
654	5
655	18
656	12
657	4
658	6
659	29
660	13
661	1
662	2
663	22
664	12
665	22
666	23
667	8
668	28
669	28
670	28
671	5
672	9
673	4
674	21
675	29
676	21
677	2
678	27
679	17
680	29
681	8
682	26
683	6
684	18
685	8
686	16
687	15
688	13
689	15
690	11
691	18
692	27
693	29
694	14
695	15
696	28
697	14
698	8
699	21
700	11
701	27
702	10
703	6
704	21
705	21
706	27
707	15
708	10
709	26
710	27
711	22
712	26
713	20
714	14
715	20
716	12
717	16
718	21
719	23
720	21
721	15
722	8
723	27
724	28
725	4
726	14
727	24
728	13
729	14
730	0
731	13
732	26
733	2
734	23
735	28
736	0
737	6
738	9
739	11
740	10
741	15
742	23
743	26
744	0
745	16
746	8
747	21
748	18
749	23
750	4
751	1
752	27
753	8
754	4
755	25
756	12
757	21
758	29
759	27
760	11
761	16
762	8
763	29
764	24
765	29
766	29
767	18
768	18
769	11
770	15
771	17
772	5
773	17
774	19
775	17
776	27
777	15
778	5
779	15
780	8
781	5
782	9
783	12
784	26
785	28
786	18
787	9
788	27
789	20
790	6
791	0
792	27
793	13
794	15
795	20
796	27
797	27
798	11
799	27
800	4
801	16
802	15
803	4
804	29
805	29
806	23
807	13
808	0
809	19
810	14
811	7
812	15
813	14
814	23
815	16
816	20
817	29
818	16
819	28
820	6
821	22
822	17
823	20
824	15
825	5
826	8
827	8
828	26
829	8
830	9
831	14
832	2
833	14
834	15
835	29
836	10
837	0
838	11
839	15
840	4
841	1
842	26
843	27
844	16
845	20
846	22
847	6
848	26
849	14
850	3
851	3
852	8
853	15
854	19
855	12
856	21
857	29
858	21
859	1
860	2
861	3
862	4
863	2
864	23
865	12
866	18
867	20
868	6
869	1
870	29
871	16
872	14
873	16
874	20
875	28
876	27
877	16
878	21
879	23
880	1
